37
32
39
33
31
35
36
29
38
82
28
41
34
176
40
30
184
186
88
180
86
92
90
172
78
188
23
22
46
80
138
42
25
27
19
74
43
72
164
84
44
24
16
17
178
18
45
21
182
15
94
68
14
26
158
70
76
20
160
47
170
168
162
13
132
12
11
0
191
140
122
66
129
128
125
136
133
60
120
1
147
48
130
144
64
62
187
10
127
167
166
113
141
114
139
177
95
146
124
3
151
126
174
190
134
112
9
6
171
116
110
2
143
7
4
189
8
156
152
5
109
49
93
50
145
142
81
65
96
183
163
137
58
83
148
135
115
179
157
85
77
119
97
161
117
173
98
159
185
102
150
123
121
101
91
71
181
61
59
52
175
63
108
131
56
111
105
57
99
169
51
149
87
54
165
100
55
154
67
53
89
104
79
153
75
73
103
69
106
155
107
118
