Hove - London Victoria                                                                                            
       0     1    2     3     4    5     0     1    2     3     4    5            
00                                                                                      01   
02                                                                                      03   
04                                                                               7     05  
06                                                   1                   0            07  
08         1                          5                                        2    09   
10                1                   2                   1                  2     11  
12                1                   2                   1                  2     13  
14                1                   2                   1                  2     15  
16                1                   2                   1                  2     17  
18                                     2                                        2     19  
20                                     4                                        4     21  
22                                                                                      23   
                                                                                                  
London Victoria - Hove                                                                                            
       0     1    2     3     4    5     0     1    2     3     4    5            
00  5                                                                                  01  
02                                                                                      03   
04                                                                                      05   
06                                                                               2     07  
08         7                   7                   7                  7            09  
10         7                   7                   7                  7            11  
12         7                   7                   7                  7            13  
14         7                   7                   7                  7            15  
16         7                                               4            7           17   
18                       2                          7                                 19  
20         7                                        7                                 21  
22         7                                        7                                 23  
                                                                                                  
Brighton - London Victoria                                                                                            
       0     1    2     3     4    5     0     1    2     3     4    5            
06         9                   7                   6                  7            07  
08                              2                   7                   9           09   
10         9                   9                   9                  9            21  
22  0                                        2                                        23  
                                                                                                  
London Victoria - Brighton                                                                                            
       0     1    2     3     4    5     0     1    2     3     4    5            
00  5                                                                                  01  
04                                            2                                        05  
06                1                                                                    07  
08  2            2     6                  6                   6                   09  
10  6                   6                   6                  6                   11  
12  6                   6                   6                  6                   13  
14  6                   6                   6                  6                   15  
16  6                   6                   7                  7                   17  
18  7                                        6                   6                  19   
20  6                   6                   6                  6                   21  
22  6                   6                   6                  2                   23  
                                                                                                  
Hove - London Bridge                                                                                            
       0     1    2     3     4    5     0     1    2     3     4    5            
06                       0                          9                                 07  
                                                                                                  
Brighton - London Bridge                                                                                            
       0     1    2     3     4    5     0     1    2     3     4    5            
04                                            9                   9            0    05   
06  9                          1                                 3                  07   
08  2                                        04                47                 09  
10  4                   4                   4                  4                   11  
12  4                   4                   4                  4                   13  
14  4                   4                   4                  7                   15  
16  4                                        3                                        17  
18  3                   4                   4                  4                   19  
20  4                                                                                  21  
22  7                   3                                        7                  23   
                                                                                                  
London Bridge - Brighton                                                                                            
       0     1    2     3     4    5     0     1    2     3     4    5            
04                                                          8                   1     05  
06                1            4            1    5     5            1    5     07  
08                0                          5            5           1     5     09  
10         1     6            1    6            1     6           1     6     11  
12         1     6            1    6            1     6           1     6     13  
14         1     6            1    6            1     6           1     6     15  
16         1     6            6           8                                 3     17  
18  3            5            0    6            1     6           1     2     19  
20  0                          1                   1                  1            21  
22         1                   1                   1                                23   
                                                                                                  
Brighton - Hove                                                                                            
       0     1    2     3     4    5     0     1    2     3     4    5            
04                                                   8                   0            05  
06         0                          3            3    4            2     3    07   
08  5     7     4           0     7     0           3            0     7    09   
10  0            0     0    0     7     0           0     0     0    7     11  
12  0            0     0    0     7     0           0     0     0    7     13  
14  0            0     0    0     7     0           0     0     0    7     15  
16  0            0     0    0     7     0           0     0     5    7     17  
18  5     6            6           07   3    2     8            5    3     19  
20         4     4                   3           4                   04  3     21  
22         4     3                   3           4                                 23  
                                                                                                  
Hove - Brighton                                                                                            
       0     1    2     3     4    5     0     1    2     3     4    5            
00                                                                                      01   
02                                                                                      03   
04                                                                        3            05  
06         1     6     9           6                   4     0    4            07  
